102171
364610
120793
327990
83348
449634
188350
153527
283286
344139
370127
403736
154521
69529
404381
66031
362006
437949
64106
101187
126805
324106
459065
456594
150574
103349
410025
268605
469617
82099
61856
194293
473683
60504
382933
155333
479681
266997
95369
474347
467072
233247
320039
475464
340546
229832
194106
281277
419283
319778
439736
212392
228724
374519
325982
322002
150174
254914
182047
252771
477458
164793
106462
251732
461981
193856
116647
106975
182342
385010
175225
298421
328985
360779
98715
270066
426729
171100
136358
477509
224764
454124
341244
89787
258865
405837
132768
470852
262323
172929
202632
264900
344414
453628
92965
464692
56661
73873
496972
154401
